ANG MO KIO,2000,198800,49273,19200	
ANG MO KIO,2010,209892,47179,25348	
ANG MO KIO,2015,208880,44000,25090	
ANG MO KIO,2020,201780,39320,24440	
BEDOK,2000,76303,5122,7218	
BEDOK,2010,77303,4045,7223	
BEDOK,2015,77220,3770,7000	
BEDOK,2020,75050,3190,6490	
BOON LAY,2000,84028,19771,9758	
BOON LAY,2010,104265,20482,15257	
BOON LAY,2015,102080,19570,13710	
BOON LAY,2020,113470,25250,14940	
BUKIT BATOK,2000,107231,8235,11839	
BUKIT BATOK,2010,124684,11350,15790	
BUKIT BATOK,2015,122630,13430,15130	
BUKIT BATOK,2020,120850,11440,14000	
BUKIT MERAH,2000,101259,25527,9161	
BUKIT MERAH,2010,123702,29180,15749	
BUKIT MERAH,2015,123460,29620,16480	
BUKIT MERAH,2020,133510,35510,18030	
BUKIT PANJANG,2000,52974,11909,5312	
BUKIT PANJANG,2010,62133,14082,9749	
BUKIT PANJANG,2015,60100,13740,9140	
BUKIT PANJANG,2020,55420,12710,8600	
CENTRAL WATER CATCHMENT,2010,643,333,358	
CENTRAL WATER CATCHMENT,2015,1200,720,470	
CENTRAL WATER CATCHMENT,2020,810,620,320	
CHOA CHU KANG,2000,67299,15151,5215	
CHOA CHU KANG,2010,96079,20598,9161	
CHOA CHU KANG,2015,103300,22230,10310	
CHOA CHU KANG,2020,102810,21700,10340	
CLEMENTI,2000,83365,12848,7827	
CLEMENTI,2010,90654,15394,10618	
CLEMENTI,2015,88030,15270,9900	
CLEMENTI,2020,85430,12480,8620	
GEYLANG,2000,159434,18383,11582	
GEYLANG,2010,176952,17418,17465	
GEYLANG,2015,181690,17650,18050	
GEYLANG,2020,184790,18760,18730	
JURONG EAST,2000,64443,10321,6671	
JURONG EAST,2010,76268,8266,8324	
JURONG EAST,2015,77430,8700,8010	
JURONG EAST,2020,78160,6940,7050	
JURONG WEST,2000,28319,208,1335	
JURONG WEST,2010,60364,720,3497	
JURONG WEST,2015,64160,770,3660	
JURONG WEST,2020,67410,640,3860	
KALLANG,2020,100,0,0	
LIM CHU KANG,2015,1710,100,240	
LIM CHU KANG,2020,1650,120,270	
MANDAI,2000,28407,4148,4804	
MANDAI,2010,35667,3426,5842	
MANDAI,2015,36630,3510,6020	
MANDAI,2020,35050,3130,5520	
MARINA SOUTH,2015,220,0,40	
MARINA SOUTH,2020,360,0,30	
MUSEUM,2010,3730,53,662	
MUSEUM,2015,4850,50,760	
MUSEUM,2020,6080,60,740	
NEWTON,2015,610,0,80	
NEWTON,2020,630,10,80	
NORTH-EASTERN ISLANDS,2000,26799,1308,2954	
NORTH-EASTERN ISLANDS,2010,37155,2018,4134	
NORTH-EASTERN ISLANDS,2015,38860,2120,4210	
NORTH-EASTERN ISLANDS,2020,40730,1730,4140	
NOVENA,2000,77901,21115,6881	
NOVENA,2010,89983,27227,11061	
NOVENA,2015,93900,28440,11910	
NOVENA,2020,98770,29380,13130	
ORCHARD,2000,9567,496,1021	
ORCHARD,2010,16196,1286,1423	
ORCHARD,2015,18030,1930,1580	
ORCHARD,2020,14920,1640,1290	
OUTRAM,2000,64848,6779,10889	
OUTRAM,2010,74566,7309,13964	
OUTRAM,2015,75790,7970,14490	
OUTRAM,2020,77000,6990,14520	
PAYA LEBAR,2010,5739,59,1113	
PAYA LEBAR,2015,6460,100,1280	
PAYA LEBAR,2020,7030,90,1500	
PIONEER,2010,46995,6840,3792	
PIONEER,2015,84900,14490,7720	
PIONEER,2020,131940,26070,12200	
PUNGGOL,2015,170,0,30	
PUNGGOL,2020,180,0,30	
QUEENSTOWN,2000,128622,34838,14346	
QUEENSTOWN,2010,184625,48663,27129	
QUEENSTOWN,2015,190190,48630,27080	
QUEENSTOWN,2020,183570,46530,26350	
RIVER VALLEY,2010,10279,500,3015	
RIVER VALLEY,2015,10470,650,2970	
RIVER VALLEY,2020,9680,620,2390	
ROCHOR,2010,1170,18,102	
ROCHOR,2015,1870,20,230	
ROCHOR,2020,2320,20,310	
SELETAR,2000,12594,3365,1242	
SELETAR,2010,52252,9947,7014	
SELETAR,2015,55600,10310,7180	
SELETAR,2020,72880,16680,9350	
SEMBAWANG,2000,24795,4244,1753	
SEMBAWANG,2010,131925,17087,13849	
SEMBAWANG,2015,160580,22590,18200	
SEMBAWANG,2020,192870,28580,21710	
SENGKANG,2000,103602,6814,10187	
SENGKANG,2010,103695,5777,11735	
SENGKANG,2015,101440,5170,10750	
SENGKANG,2020,98760,4880,10260	
SIMPANG,2015,800,30,140	
SIMPANG,2020,1010,30,200	
SOUTHERN ISLANDS,2015,660,0,100	
SOUTHERN ISLANDS,2020,580,0,80	
STRAITS VIEW,2009,146966,12873,14952	
STRAITS VIEW,2014,143270,13090,14160	
STRAITS VIEW,2019,134360,11140,12820	
SUNGEI KADUT,2000,145964,50777,13037	
SUNGEI KADUT,2010,173677,57584,21411	
SUNGEI KADUT,2015,175470,56010,21560	
SUNGEI KADUT,2020,173670,56580,21700	
TAMPINES,2010,12910,194,1580	
TAMPINES,2015,14170,190,1930	
TAMPINES,2020,16290,230,2210	
TANGLIN,2000,89167,9697,7977	
TANGLIN,2010,101943,9621,9607	
TANGLIN,2015,102250,9900,9300	
TANGLIN,2020,101320,8450,8590	
TENGAH,2000,57795,12782,6317	
TENGAH,2010,69266,10728,8152	
TENGAH,2015,70650,9960,7620	
TENGAH,2020,73620,8290,6980	
WESTERN ISLANDS,2015,730,0,90	
WESTERN ISLANDS,2020,510,0,70	
WESTERN WATER CATCHMENT,2000,112932,42714,15816	
WESTERN WATER CATCHMENT,2010,149447,62006,27157	
WESTERN WATER CATCHMENT,2015,153740,62310,27800	
WESTERN WATER CATCHMENT,2020,155310,65480,28220	
WOODLANDS,2000,113605,26947,17674	
WOODLANDS,2010,128180,31068,19684	
WOODLANDS,2015,142300,33940,20250	
WOODLANDS,2020,153170,40410,21940	
YISHUN,2010,2430,20,222	
YISHUN,2015,2820,40,300	
YISHUN,2020,2350,20,190	
