ANG MO KIO,2000,62218,73095,52639,45041,2990	
ANG MO KIO,2010,96675,80351,37280,38903,4953	
ANG MO KIO,2015,107600,70400,30400,34000,5100	
ANG MO KIO,2020,21410,16472,7560,7811,400	
BEDOK,2000,33010,24195,17802,4495,2565	
BEDOK,2010,44620,23841,10709,3225,2045	
BEDOK,2015,43800,23100,10300,1700,2300	
BEDOK,2020,7668,4086,1729,514,131	
BOON LAY,2000,23175,45157,22086,19340,4370	
BOON LAY,2010,41029,49889,15031,17785,5368	
BOON LAY,2015,44600,49900,13700,12600,4900	
BOON LAY,2020,7657,9602,2972,3497,770	
BUKIT BATOK,2000,23184,37276,53119,7356,7179	
BUKIT BATOK,2010,37409,41195,36709,8624,6995	
BUKIT BATOK,2015,46800,37100,32400,8100,4600	
BUKIT BATOK,2020,8007,6869,6780,2961,902	
BUKIT MERAH,2000,24608,53364,22934,23342,4213	
BUKIT MERAH,2010,46003,67434,17764,24533,5768	
BUKIT MERAH,2015,54700,62800,16900,23100,4700	
BUKIT MERAH,2020,7066,11464,3204,4017,1061	
BUKIT PANJANG,2000,14384,32064,19141,14109,2921	
BUKIT PANJANG,2010,20084,29866,11948,11502,4308	
BUKIT PANJANG,2015,19200,28100,9400,11600,5300	
BUKIT PANJANG,2020,2467,5522,2073,2565,560	
CENTRAL WATER CATCHMENT,2000,177,110,150,174,103	
CENTRAL WATER CATCHMENT,2010,750,342,150,514,148	
CHOA CHU KANG,2000,15755,37130,18891,14782,2453	
CHOA CHU KANG,2010,33440,51221,14239,17673,2758	
CHOA CHU KANG,2015,42800,54700,14900,18400,2300	
CHOA CHU KANG,2020,6491,7943,2786,2786,365	
CLEMENTI,2000,17029,37097,30844,15554,2687	
CLEMENTI,2010,27447,37123,20707,13969,3404	
CLEMENTI,2015,30400,33000,14000,11800,2400	
CLEMENTI,2020,5107,7482,3491,2918,450	
GEYLANG,2000,42271,72560,50583,17593,5022	
GEYLANG,2010,63388,80880,32805,14566,6038	
GEYLANG,2015,73100,84800,23300,12800,4700	
GEYLANG,2020,12200,16119,5853,2794,889	
JURONG EAST,2000,19033,21553,29334,9183,3464	
JURONG EAST,2010,30842,23272,16181,6629,3217	
JURONG EAST,2015,31500,22300,14700,6300,3400	
JURONG EAST,2020,6957,4345,3868,952,362	
JURONG WEST,2000,33002,12228,8141,808,393	
JURONG WEST,2010,43439,11549,4798,304,366	
JURONG WEST,2015,47300,11300,5200,300,200	
JURONG WEST,2020,13183,1922,727,107,31	
LIM CHU KANG,2010,686,395,230,43,53	
MANDAI,2000,15087,8763,7391,3649,625	
MANDAI,2010,21012,8962,4884,2635,506	
MANDAI,2015,20500,8900,5100,1500,600	
MANDAI,2020,5078,1954,774,554,54	
MUSEUM,2000,3004,738,536,155,46	
MUSEUM,2010,3319,680,204,64,32	
NORTH-EASTERN ISLANDS,2000,14559,9938,9217,1221,1457	
NORTH-EASTERN ISLANDS,2010,18953,10244,6638,1430,1273	
NORTH-EASTERN ISLANDS,2015,21800,9600,5500,1400,600	
NORTH-EASTERN ISLANDS,2020,5610,2058,1125,155,259	
NOVENA,2000,35001,31205,13528,17746,1594	
NOVENA,2010,56929,35055,10119,20280,1574	
NOVENA,2015,66900,34200,9100,19900,2000	
NOVENA,2020,10350,5553,1424,2588,315	
ORCHARD,2000,1746,5283,10004,430,812	
ORCHARD,2010,2041,4458,4795,882,516	
ORCHARD,2015,5900,4700,3900,1200,200	
ORCHARD,2020,843,1005,928,266,80	
OUTRAM,2000,13970,25897,27034,6464,5227	
OUTRAM,2010,23414,29154,17767,5895,4712	
OUTRAM,2015,28000,28500,14100,4400,5500	
OUTRAM,2020,5797,5461,3341,1393,581	
PAYA LEBAR,2000,3760,1290,1477,132,12	
PAYA LEBAR,2010,4484,1029,657,99,25	
PAYA LEBAR,2020,1803,123,27,6,0	
PIONEER,2010,19430,21235,5963,4825,874	
PIONEER,2015,38600,34300,9500,7800,2100	
PIONEER,2020,8279,8255,2502,2306,377	
QUEENSTOWN,2000,25974,79282,36230,34022,6778	
QUEENSTOWN,2010,49634,108075,29058,41596,11109	
QUEENSTOWN,2015,61700,114000,29200,35100,15800	
QUEENSTOWN,2020,8122,23544,6087,8846,1652	
RIVER VALLEY,2000,1850,4505,5513,257,1641	
RIVER VALLEY,2010,2816,4484,3147,311,1413	
ROCHOR,2010,776,103,57,68,0	
SELETAR,2000,4219,9673,4261,3493,778	
SELETAR,2010,19107,28062,7278,7607,2165	
SELETAR,2015,24200,32400,7500,6700,2300	
SELETAR,2020,4302,6911,1452,1628,343	
SEMBAWANG,2000,8726,20049,10114,5678,1068	
SEMBAWANG,2010,46112,65613,19906,13992,4270	
SEMBAWANG,2015,73100,83000,21300,17700,8000	
SEMBAWANG,2020,10765,16205,4327,3469,778	
SENGKANG,2000,40057,36828,24810,6000,3206	
SENGKANG,2010,52649,35374,16016,4828,3827	
SENGKANG,2015,59700,33500,12800,4400,3200	
SENGKANG,2020,11031,5367,2712,806,534	
STRAITS VIEW,2009,46338,61143,32771,10352,6079	
STRAITS VIEW,2014,58000,56500,28400,12800,6800	
STRAITS VIEW,2019,9539,12832,6155,2271,796	
SUNGEI KADUT,2000,51087,74217,41078,52930,3233	
SUNGEI KADUT,2010,76645,76917,27721,50345,4090	
SUNGEI KADUT,2015,95200,75200,24000,44900,4800	
SUNGEI KADUT,2020,13860,12843,4920,8611,399	
TAMPINES,2000,6817,1532,1501,146,85	
TAMPINES,2010,10509,1562,1074,112,26	
TAMPINES,2015,12100,1100,1100,400,0	
TAMPINES,2020,4235,327,124,0,7	
TANGLIN,2000,23304,34312,32304,8775,3298	
TANGLIN,2010,36377,37740,22355,7005,3728	
TANGLIN,2015,41100,37700,18000,6400,4200	
TANGLIN,2020,6967,6561,3696,1365,297	
TENGAH,2000,19511,25343,19170,11897,2995	
TENGAH,2010,27571,24284,13486,7988,2976	
TENGAH,2015,29200,23600,11600,6600,1900	
TENGAH,2020,5608,4768,2525,1844,343	
WESTERN WATER CATCHMENT,2000,27497,69562,28008,42335,6300	
WESTERN WATER CATCHMENT,2010,50698,90263,19741,51078,9043	
WESTERN WATER CATCHMENT,2015,58600,94000,19400,41300,9300	
WESTERN WATER CATCHMENT,2020,7160,17323,3668,6666,853	
WOODLANDS,2000,28448,62512,35694,26672,7496	
WOODLANDS,2010,40711,67705,23982,24748,6893	
WOODLANDS,2015,51400,75500,21100,25200,7700	
WOODLANDS,2020,7501,15429,4289,5353,776	
YISHUN,2000,482,1366,1767,106,102	
YISHUN,2010,759,1316,733,8,70	
YISHUN,2020,404,127,26,0,0	
planning_area,year,english,mandarin,chinese_dialects,malay,tamil	
