ANG MO KIO,2000,30159,82393,14887,42513,4960,649,11138,21532,579	
ANG MO KIO,2010,39471,74930,24932,45965,9628,1095,20150,30011,839	
ANG MO KIO,2015,37300,70700,21700,42700,9700,1100,20000,31900,900	
ANG MO KIO,2020,47193,69927,18890,40660,10321,1058,20874,29299,511	
BEDOK,2000,12642,27477,4772,4496,3247,318,6192,10249,192	
BEDOK,2010,16849,23081,6385,4347,3636,134,9966,13439,282	
BEDOK,2015,16900,21200,7800,2800,4300,100,9500,13600,0	
BEDOK,2020,19247,21950,5304,3382,3217,146,8607,14759,189	
BOON LAY,2000,14344,40220,7009,17063,5038,365,3556,9319,288	
BOON LAY,2010,21592,37755,12869,18708,7676,371,7287,14166,290	
BOON LAY,2015,20700,40600,12300,15200,6700,200,7800,16200,300	
BOON LAY,2020,26343,41591,12344,23059,9228,377,8125,17726,380	
BUKIT BATOK,2000,20339,58280,13577,9336,5983,557,3959,10960,178	
BUKIT BATOK,2010,24693,49565,16799,11620,6326,694,7812,15514,536	
BUKIT BATOK,2015,26300,50500,13200,11300,5100,900,8300,16300,500	
BUKIT BATOK,2020,29934,42224,11813,12248,6308,656,8167,16675,560	
BUKIT MERAH,2000,14356,46189,7872,19318,4260,261,2904,8234,259	
BUKIT MERAH,2010,23302,48826,14878,25597,8064,212,6770,13256,323	
BUKIT MERAH,2015,28100,47700,16600,26100,8600,0,8900,13100,200	
BUKIT MERAH,2020,29826,51662,17284,34825,9963,319,8605,15082,320	
BUKIT PANJANG,2000,10640,29746,7681,12619,2875,261,2028,5848,66	
BUKIT PANJANG,2010,12054,24244,9350,12743,4828,338,3121,6488,208	
BUKIT PANJANG,2015,13200,17500,11500,13800,4700,500,3800,5700,0	
BUKIT PANJANG,2020,12575,21756,7343,12743,4832,183,2879,6552,145	
CENTRAL WATER CATCHMENT,2000,104,154,53,174,76,37,53,60,0	
CENTRAL WATER CATCHMENT,2010,159,378,133,662,226,31,93,73,0	
CHOA CHU KANG,2000,9350,33727,6673,12282,2337,232,2669,5639,158	
CHOA CHU KANG,2010,16598,35922,14862,17727,4213,340,5579,10285,295	
CHOA CHU KANG,2015,21000,41700,16000,19500,3700,200,4600,12700,100	
CHOA CHU KANG,2020,22937,37693,13519,20325,5239,365,7077,12715,242	
CLEMENTI,2000,13502,43323,9231,15410,2232,246,2845,6955,110	
CLEMENTI,2010,17417,37224,12432,16037,3628,475,5069,9923,392	
CLEMENTI,2015,18100,32200,8900,14400,3300,500,4000,10800,100	
CLEMENTI,2020,20690,32411,9027,15328,2892,193,5033,10996,180	
GEYLANG,2000,20835,77103,14946,15549,5473,504,10289,12719,699	
GEYLANG,2010,29174,66781,25277,16031,8420,525,15695,18995,597	
GEYLANG,2015,35000,71500,19800,16000,6900,100,16700,18500,100	
GEYLANG,2020,40403,66030,19523,20294,8710,967,17093,22185,670	
JURONG EAST,2000,13632,32677,5702,9944,2787,314,4281,9582,178	
JURONG EAST,2010,16288,24416,7677,8368,3691,293,6589,13387,323	
JURONG EAST,2015,16500,25600,6800,8200,3800,100,6300,14100,300	
JURONG EAST,2020,18942,22997,5856,6785,3496,468,6802,14755,202	
JURONG WEST,2000,11841,12579,1475,962,1047,140,4961,13155,261	
JURONG WEST,2010,14015,11325,2946,1012,1609,211,7578,17100,238	
JURONG WEST,2015,15000,10300,3400,700,1600,0,8200,19800,100	
JURONG WEST,2020,17733,11103,3015,736,2063,227,7950,19824,312	
LIM CHU KANG,2010,278,344,226,57,117,0,166,107,6	
MANDAI,2000,6607,10494,1682,3834,2223,433,3158,5560,176	
MANDAI,2010,7643,10029,2078,3512,2836,282,4613,6570,285	
MANDAI,2015,9000,8300,1700,3200,1700,500,4700,6500,200	
MANDAI,2020,9103,8532,2087,3243,2718,209,4426,7791,338	
MUSEUM,2000,1013,942,91,154,302,19,471,1213,38	
MUSEUM,2010,1121,996,94,165,392,22,705,1128,90	
NORTH-EASTERN ISLANDS,2000,6128,12906,2250,1414,1743,231,2438,5949,97	
NORTH-EASTERN ISLANDS,2010,7464,11813,3436,2107,1814,195,4335,6798,161	
NORTH-EASTERN ISLANDS,2015,8800,11500,2400,2600,1300,200,3700,6700,0	
NORTH-EASTERN ISLANDS,2020,10338,10574,2328,2114,1822,205,4598,8072,142	
NOVENA,2000,12936,28131,4061,15830,2267,363,4502,10136,146	
NOVENA,2010,16629,29935,8035,24198,3800,499,9178,14406,359	
NOVENA,2015,21600,32900,7300,25900,4800,300,8700,17700,300	
NOVENA,2020,24187,33119,8777,30214,4566,491,9983,18383,515	
ORCHARD,2000,3046,10305,2718,928,648,56,296,1321,62	
ORCHARD,2010,3146,5956,2375,1063,554,86,528,1316,47	
ORCHARD,2015,4100,5900,1700,1900,600,200,800,2100,0	
ORCHARD,2020,4139,5138,1633,1470,591,41,681,1881,63	
OUTRAM,2000,10945,35678,6852,8139,4546,617,2495,6105,167	
OUTRAM,2010,15316,29687,10406,8583,5664,651,4931,9011,330	
OUTRAM,2015,18000,28900,8100,7600,5500,1100,5500,9700,400	
OUTRAM,2020,18470,28286,8979,8591,7206,631,6105,9737,329	
PAYA LEBAR,2000,1417,1885,258,55,299,20,832,1746,31	
PAYA LEBAR,2010,1520,1330,229,95,606,8,1063,1564,73	
PAYA LEBAR,2020,2565,1297,175,154,863,27,1057,2202,81	
PIONEER,2010,8387,17165,4543,5671,2035,84,3496,4872,111	
PIONEER,2015,17800,28600,7800,8500,4100,600,5500,9600,400	
PIONEER,2020,28518,45742,10550,20960,4976,280,9104,14861,356	
QUEENSTOWN,2000,20311,68301,16089,29945,6306,763,3779,9331,309	
QUEENSTOWN,2010,34020,80021,25488,42386,12736,740,7884,14230,670	
QUEENSTOWN,2015,40400,87800,26200,40800,15300,700,7400,15900,500	
QUEENSTOWN,2020,41074,78615,24184,46353,12143,666,7769,14345,620	
RIVER VALLEY,2000,2014,6780,1109,1078,1035,228,446,762,63	
RIVER VALLEY,2010,2196,5200,1295,1099,1172,194,546,1119,39	
ROCHOR,2010,411,286,12,46,54,0,201,353,8	
SELETAR,2000,2561,8298,1854,3021,865,141,651,1420,34	
SELETAR,2010,9702,20444,5581,8370,3079,220,4158,5367,161	
SELETAR,2015,13000,22100,5700,8800,2500,400,3200,9100,200	
SELETAR,2020,17136,29545,7412,15532,4710,219,4815,8349,234	
SEMBAWANG,2000,4995,18988,3084,5071,1251,111,1479,2574,107	
SEMBAWANG,2010,22758,51292,15491,14604,6828,186,8963,11537,332	
SEMBAWANG,2015,34300,70800,16800,19200,9900,200,11600,14600,400	
SEMBAWANG,2020,43436,72229,17591,26557,10715,639,14123,20258,450	
SENGKANG,2000,15881,39948,7105,5681,4461,342,8192,12254,218	
SENGKANG,2010,19740,32975,10726,5994,6593,481,11839,16079,481	
SENGKANG,2015,21700,31500,12100,7400,6000,400,11400,18600,400	
SENGKANG,2020,22647,30157,9363,5316,6233,340,11557,17399,266	
STRAITS VIEW,2009,25820,56082,23191,11650,7775,326,12040,15692,598	
STRAITS VIEW,2014,26900,56200,22600,13900,6000,200,11700,19300,300	
STRAITS VIEW,2019,30141,49544,17279,10952,6661,342,12143,16339,214	
SUNGEI KADUT,2000,23764,72288,12704,45257,4410,578,7731,16442,417	
SUNGEI KADUT,2010,31279,64543,20195,53514,8429,466,13741,22325,885	
SUNGEI KADUT,2015,37000,71100,19700,54500,8600,1300,13600,25700,300	
SUNGEI KADUT,2020,36837,64965,18089,59177,8351,703,13594,24778,488	
TAMPINES,2000,2358,1990,261,142,418,42,1426,2845,64	
TAMPINES,2010,3188,2290,338,262,759,57,2299,4045,140	
TAMPINES,2015,3200,2800,500,300,1500,0,2300,3700,100	
TAMPINES,2020,4654,2550,539,423,1102,92,2680,4567,131	
TANGLIN,2000,14444,44405,8507,8574,3663,434,5691,10141,175	
TANGLIN,2010,20122,38437,10947,8390,4426,307,9440,13397,442	
TANGLIN,2015,21700,37200,10500,8200,5400,100,9900,14700,200	
TANGLIN,2020,23483,34920,9271,8521,3807,245,9929,14250,364	
TENGAH,2000,13367,27421,5774,11792,3046,195,3137,9674,178	
TENGAH,2010,14737,23541,7255,9291,3782,241,5182,11798,303	
TENGAH,2015,16300,23500,5300,8200,2100,100,4100,12900,200	
TENGAH,2020,18417,23091,6399,9033,3398,356,5608,12695,303	
WESTERN WATER CATCHMENT,2000,17686,55893,12632,35530,6654,538,4531,10149,150	
WESTERN WATER CATCHMENT,2010,26115,62974,17913,50734,12335,504,8794,13107,469	
WESTERN WATER CATCHMENT,2015,28800,68600,19000,46100,12800,700,7000,18500,300	
WESTERN WATER CATCHMENT,2020,32251,66744,15988,60365,13535,683,9868,14900,612	
WOODLANDS,2000,15709,59197,12578,23575,9053,466,4791,10080,357	
WOODLANDS,2010,23095,51354,20115,26642,9878,446,8793,11608,500	
WOODLANDS,2015,27000,60700,19800,30900,12400,100,8100,12800,500	
WOODLANDS,2020,32049,62216,17681,38022,11466,767,10364,15567,318	
YISHUN,2000,657,2189,366,173,105,0,159,194,0	
YISHUN,2010,696,1354,395,120,81,33,228,369,47	
YISHUN,2020,1011,615,109,93,77,0,347,464,4	
planning_area,year,no_religion,buddhism,taoism,islam,hinduism,sikhism,catholic_christian,other_christians,other_religions	
